100
101
102
103
104
105
106
107
108
109
110
111
112
113
114
115
116
117
118
119
120
121
122
123
124
125
126
127
128
129
130
131
132
133
134
135
136
137
138
139
140
141
142
143
144
145
146
147
148
149
153
154
160
163
167
175
177
179
181
184
185
187
188
198
206
210
215
216
221
224
229
231
235
237
238
239
241
242
247
250
260
261
262
264
271
272
276
277
279
280
281
282
283
285
286
287
289
290
295
297
298
300
301
303
305
306
308
311
315
318
319
322
324
325
326
327
328
329
331
335
336
339
340
344
346
347
351
352
353
356
357
358
359
361
364
365
366
367
368
378
380
381
382
383
385
392
403
414
415
416
418
420
431
432
434
435
436
443
452
457
458
459
461
463
472
478
483
485
488
596
597
608
613
625
639
642
648
650
651
658
672
677
680
691
693
694
695
696
697
699
700
701
703
705
706
707
708
709
710
712
714
715
717
727
728
729
731
734
735
736
742
745
748
750
751
752
753
754
755
756
757
758
759
760
761
762
763
764
765
766
767
768
769
770
771
772
773
774
775
776
777
778
779
780
781
782
783
784
785
786
787
788
789
790
791
792
793
794
795
796
797
798
799
800
801
802
803
804
805
806
807
808
809
810
811
812
813
814
815
816
817
818
819
820
821
822
823
824
825
826
827
828
829
830
831
832
833
834
835
840
844
846
850
854
856
857
858
859
860
861
862
863
864
865
866
867
868
869
870
871
872
873
874
875
876
877
878
879
880
881
882
883
884
885
886
887
888
889
890
891
892
893
894
895
896
897
898
899
900
901
902
903
904
905
906
907
908
909
910
911
912
913
914
915
916
917
918
919
920
921
922
923
924
925
926
927
928
929
930
931
932
933
934
935
936
937
938
939
940
941
954
959
962
963
964
965
966
967
968
969
971
972
973
978
979
982
984
985
992
993
996
997
1001
1004
1005
1010
1014
1015
1018
1020
1023
1025
1026
1027
1028
1029
1030
1032
1034
1035
1037
1038
1040
1044
1047
1049
1050
1051
1052
1053
1058
1114
1115
1124
1136
1186
1187
1190
1191
1196
1205
1213
1214
1216
1220
1296
1299
1303
1321
1322
1323
1324
1325
1326
1327
1328
1329
1330
1331
1332
1333
1334
1335
1336
1337
1338
1339
1340
1341
1342
1343
1344
1345
1346
1347
1348
1349
1350
1351
1352
1353
1354
1355
1356
1357
1358
1359
1360
1361
1362
1363
1364
1365
1366
1367
1368
1369
1370
1371
1372
1373
1374
1375
1376
1377
1378
1379
1380
1381
1382
1383
1384
1385
1386
1387
1388
1389
1390
1391
1392
1393
1394
1395
1396
1397
1398
1399
1400
1401
1402
1403
1404
1405
1406
1407
1408
1409
1410
1411
1412
1413
1414
1415
1416
1417
1418
1419
1420
1421
1422
1423
1424
1425
1426
1427
1428
1429
1430
1431
1432
1433
1434
1435
1436
1437
1438
1439
1440
1441
1442
1443
1444
1445
1446
1447
1448
1449
1450
1451
1452
1453
1454
1455
1456
1457
1458
1459
1460
1461
1462
1463
1464
1465
1466
1467
1468
1469
1470
1471
1472
1473
1474
1475
1476
1477
1478
1479
1480
1481
1482
1483
1484
1485
1486
1487
1488
1489
1490
1491
1492
1493
1494
1495
1496
1497
1498
1499
1500
1501
1502
1503
1504
1505
1506
1507
1530
1532
1565
1583
1592
1614
1617
1630
1637
1649
1650
1663
1675
1695
1699
1709
1712
1718
1719
1721
1735
1744
1746
1750
1769
1776
1789
1795
1798
1805
1812
1814
1820
1821
1825
1827
1828
1829
1839
1840
1841
1868
1869
1870
1871
1872
1873
1874
1875
1876
1877
1878
1879
1880
1881
1882
1883
1884
1885
1886
1887
1888
1889
1890
1891
1892
1893
1894
1895
1896
1897
1898
1899
1900
1901
1902
1903
1904
1905
1906
1907
1908
1909
1910
1911
1912
1913
1914
1915
1916
1917
1918
1919
1920
1921
1922
1923
1924
1925
1926
1927
1928
1929
1930
1931
1932
1933
1934
1935
1936
1937
1938
1939
1940
1941
1942
1943
1944
1945
1946
1947
1948
1949
1950
1951
1952
1953
1954
1955
1956
1957
1958
1959
1960
1961
1962
1963
1964
1965
1966
1967
1970
1972
1975
1979
1984
1986
1987
1993
2001
2003
2008
2009
2010
2011
2012
2013
2014
2015
2016
2017
2018
2019
2020
2021
2022
2023
2024
2025
2026
2027
2028
2029
2030
2031
2032
2033
2034
2035
2036
2037
2038
2039
2040
2041
2042
2043
2044
2045
2046
2047
2048
2049
2050
2051
2052
2053
2054
2055
2056
2057
2058
2059
2060
2061
2062
2063
2064
2065
2066
2067
2068
2069
2070
2071
2072
2073
2074
2075
2076
2077
2078
2079
2080
2081
2082
2083
2084
2085
2086
2087
2088
2089
2090
2091
2092
2093
2094
2095
2096
2097
2098
2099
2100
2101
2102
2103
2104
2105
2106
2107
2108
2110
2111
2112
2113
2115
2117
2118
2120
2121
2124
2125
2131
2136
2137
2146
2173
2176
2185
2186
2200
2213
2217
2220
2230
2232
2238
2239
2242
2243
2244
2245
2246
2247
2248
2249
2250
2252
2253
2256
2259
2260
2262
2264
2266
2267
2268
2269
2270
2272
2273
2274
2275
2278
2279
2281
2282
2286
2287
2288
2289
2290
2291
2294
2295
2296
2297
2298
2300
2303
2304
2306
2307
2312
2313
2315
2318
2321
2324
2327
2332
2333
2334
2335
2342
2345
2351
2357
2367
2370
2374
2379
2383
2386
2388
2391
2400
2403
2407
2409
2410
2412
2418
2421
2424
2427
2428
2429
2430
2432
2434
2435
2438
2439
2441
2442
2443
2444
2445
2461
2462
2464
